#Read("./GITHUB/ISOMORPHISM_GROUPS_PCLASS_2/AAAHA_20190109_ENUM5.txt");
#d=1;
G2:=Z(2)*[
#  a b   c
  [0]#a
  ];
GZ:=Z(2)*[
  [0]
  ];
AG:=Group(G2,GZ);Size(AG);
VG:=GF(2)^1;
ORBG:=OrbitsDomain(AG,VG);;
ORBG:=List(ORBG,i->AsSet(i));;
Size(VG);Size(ORBG);
AK:=Group(G2,TransposedMat(GZ));Size(AK);
VK:=GF(2)^1;
ORBK:=OrbitsDomain(AK,VK);;
ORBK:=List(ORBK,i->AsSet(i));;
Size(VK);Size(ORBK);


#d=2;
G2:=Z(2)*[
#  a b   c
  [0,1,0],#a
  [1,0,0],#b
  [0,0,1],#ab
  ];
GZ:=Z(2)*[
  [0,0,1],
  [0,1,0],
  [1,0,0]
  ];
AG:=Group(G2,GZ);Size(AG);
VG:=GF(2)^3;
ORBG:=OrbitsDomain(AG,VG);;
ORBG:=List(ORBG,i->AsSet(i));;
Size(VG);Size(ORBG);
AK:=Group(G2,TransposedMat(GZ));Size(AK);
VK:=GF(2)^3;
ORBK:=OrbitsDomain(AK,VK);;
ORBK:=List(ORBK,i->AsSet(i));;
Size(VK);Size(ORBK);


#d=3;
G2:=Z(2)*[
#  a b   c
  [0,1,0,0,0,0],#a
  [0,0,0,1,0,0],#b
  [0,0,0,0,0,1],#ab
  [1,0,0,0,0,0],#c
  [0,0,1,0,0,0],#ac
  [0,0,0,0,1,0]#bc
  ];
GZ:=Z(2)*[
  [0,0,1,0,0,0],
  [0,1,0,0,0,0],
  [1,0,0,0,0,0],
  [0,0,0,1,0,0],
  [1,1,1,1,1,1],
  [0,0,0,0,0,1]
  ];
AG:=Group(G2,GZ);Size(AG);
VG:=GF(2)^6;
ORBG:=OrbitsDomain(AG,VG);;
ORBG:=List(ORBG,i->AsSet(i));;
Size(VG);Size(ORBG);
AK:=Group(G2,TransposedMat(GZ));Size(AK);
VK:=GF(2)^6;
ORBK:=OrbitsDomain(AK,VK);;
ORBK:=List(ORBK,i->AsSet(i));;
Size(VK);Size(ORBK);


#d=4:
G2:=Z(2)*[
#  a b   c     d #
  [0,1,0,0,0,0,0,0,0,0],#a
  [0,0,0,1,0,0,0,0,0,0],#b
  [0,0,0,0,0,1,0,0,0,0],#ab
  [0,0,0,0,0,0,1,0,0,0],#c
  [0,0,0,0,0,0,0,0,1,0],#ac
  [0,0,0,0,0,0,0,0,0,1],#bc
  [1,0,0,0,0,0,0,0,0,0],#d
  [0,0,1,0,0,0,0,0,0,0],#ad
  [0,0,0,0,1,0,0,0,0,0],#bd
  [0,0,0,0,0,0,0,1,0,0]#cd
  ];
GZ:=Z(2)*[
  [0,0,1,0,0,0,0,0,0,0],
  [0,1,0,0,0,0,0,0,0,0],
  [1,0,0,0,0,0,0,0,0,0],
  [0,0,0,1,0,0,0,0,0,0],
  [1,1,1,1,1,1,0,0,0,0],
  [0,0,0,0,0,1,0,0,0,0],
  [0,0,0,0,0,0,1,0,0,0],
  [1,1,1,0,0,0,1,1,1,0],
  [0,0,0,0,0,0,0,0,1,0],
  [0,0,0,0,0,0,0,0,0,1]
  ];
AG:=Group(G2,GZ);Size(AG);
VG:=GF(2)^10;
ORBG:=OrbitsDomain(AG,VG);;
ORBG:=List(ORBG,i->AsSet(i));;
Size(VG);Size(ORBG);
AK:=Group(G2,TransposedMat(GZ));Size(AK);
VK:=GF(2)^10;
ORBK:=OrbitsDomain(AK,VK);;
ORBK:=List(ORBK,i->AsSet(i));;
Size(VK);Size(ORBK);


#d=5:
G2:=Z(2)*[
#  a b   c     d       f
  [0,1,0,0,0,0,0,0,0,0,0,0,0,0,0],#a
  [0,0,0,1,0,0,0,0,0,0,0,0,0,0,0],#b
  [0,0,0,0,0,1,0,0,0,0,0,0,0,0,0],#ab
  [0,0,0,0,0,0,1,0,0,0,0,0,0,0,0],#c
  [0,0,0,0,0,0,0,0,1,0,0,0,0,0,0],#ac
  [0,0,0,0,0,0,0,0,0,1,0,0,0,0,0],#bc
  [0,0,0,0,0,0,0,0,0,0,1,0,0,0,0],#d
  [0,0,0,0,0,0,0,0,0,0,0,0,1,0,0],#ad->bf
  [0,0,0,0,0,0,0,0,0,0,0,0,0,1,0],#bd
  [0,0,0,0,0,0,0,0,0,0,0,0,0,0,1],#cd
  [1,0,0,0,0,0,0,0,0,0,0,0,0,0,0],#f
  [0,0,1,0,0,0,0,0,0,0,0,0,0,0,0],#af
  [0,0,0,0,1,0,0,0,0,0,0,0,0,0,0],#bf
  [0,0,0,0,0,0,0,1,0,0,0,0,0,0,0],#cf
  [0,0,0,0,0,0,0,0,0,0,0,1,0,0,0]#df
  ];
GZ:=Z(2)*[
  [0,0,1,0,0,0,0,0,0,0,0,0,0,0,0],
  [0,1,0,0,0,0,0,0,0,0,0,0,0,0,0],
  [1,0,0,0,0,0,0,0,0,0,0,0,0,0,0],
  [0,0,0,1,0,0,0,0,0,0,0,0,0,0,0],
  [1,1,1,1,1,1,0,0,0,0,0,0,0,0,0],
  [0,0,0,0,0,1,0,0,0,0,0,0,0,0,0],
  [0,0,0,0,0,0,1,0,0,0,0,0,0,0,0],
  [1,1,1,0,0,0,1,1,1,0,0,0,0,0,0],
  [0,0,0,0,0,0,0,0,1,0,0,0,0,0,0],
  [0,0,0,0,0,0,0,0,0,1,0,0,0,0,0],
  [0,0,0,0,0,0,0,0,0,0,1,0,0,0,0],
  [1,1,1,0,0,0,0,0,0,0,1,1,1,0,0],
  [0,0,0,0,0,0,0,0,0,0,0,0,1,0,0],
  [0,0,0,0,0,0,0,0,0,0,0,0,0,1,0],
  [0,0,0,0,0,0,0,0,0,0,0,0,0,0,1]
  ];
AG:=Group(G2,GZ);Size(AG);
VG:=GF(2)^15;
ORBG:=OrbitsDomain(AG,VG);;
ORBG:=List(ORBG,i->AsSet(i));;
Size(VG);Size(ORBG);
AK:=Group(G2,TransposedMat(GZ));Size(AK);
VK:=GF(2)^15;
ORBK:=OrbitsDomain(AK,VK);;
ORBK:=List(ORBK,i->AsSet(i));;
Size(VK);Size(ORBK);


