#also Read("DA_LEGST_DICH_NIEDER.txt");
#und Read("GRUP2950GESAMTDILIST.txt");
#dann SaveWorkspace("GAP_WORKSPACE");
#dann los
d:=3;for i in [1..Size(GESAMTDILIST[d])] do Print("\n",i," ",DIAG(GESAMTDILIST[d][i])); od;
#ergibt
3

[ 0, 1, 3, 0, 2, 0, 0, 0 ]
[ 0, 1, 3, 3, 3, 0, 2, 0 ]
[ 0, 1, 3, 2, 0, 0, 0, 0 ]
[ 0, 1, 3, 3, 3, 2, 0, 0 ]
[ 0, 1, 3, 2, 3, 0, 3, 0 ]
[ 0, 1, 3, 3, 3, 3, 3, 2 ]
[ 0, 1, 1, 0, 0, 0, 0, 0 ]
[ 0, 1, 3, 3, 1, 0, 0, 0 ]
[ 0, 1, 3, 0, 3, 0, 0, 1 ]
[ 0, 1, 3, 3, 3, 3, 1, 0 ]
[ 0, 1, 3, 3, 3, 1, 3, 0 ]
[ 0, 1, 3, 3, 2, 2, 1, 0 ]
[ 0, 1, 3, 2, 3, 2, 0, 1 ]
[ 0, 1, 3, 3, 3, 2, 1, 1 ]
[ 0, 1, 1, 0, 1, 0, 0, 1 ]
[ 0, 1, 3, 3, 3, 2, 2, 2 ]
[ 0, 1, 3, 3, 2, 1, 2, 0 ]
[ 0, 1, 1, 1, 1, 0, 0, 0 ]
[ 0, 1, 1, 1, 1, 1, 1, 0 ]
